Toon Shading:
-ka 0.0215 0.1745 0.0215 -kd 0.07568 0.61424 0.07568 -ks 0.633 0.727811 0.633 -sp 0 -ka 0.24725 0.1995 0.0745 -kd 0.75164 0.60648 0.22648 -ks 0.628281 0.555802 -0.366065 -sp 0 -ka 0.05 0.05 0.0 -kd 0.5 0.5 0.4 -ks 0.7 0.7 0.04 -sp 0 -pl -3 3 3 1 1 1 -toon  

single toon:
-ka 0.0215 0.1745 0.0215 -kd 0.07568 0.61424 0.07568 -ks 0.633 0.727811 0.633 -sp 0 -pl -3 3 3 1 1 1 -toon 

aniso:
-ka 0.0215 0.1745 0.0215 -kd 0.07568 0.61424 0.07568 -ks 0.633 0.727811 0.633 -sp 6 -ka 0.24725 0.1995 0.0745 -kd 0.75164 0.60648 0.22648 -ks 0.628281 0.555802 -0.366065 -sp 4 -ka 0.05 0.05 0.0 -kd 0.5 0.5 0.4 -ks 0.7 0.7 0.04 -sp 10 -pl -3 3 3 1 1 1 -an 100 1000

single aniso:
-ka 0.05 0.05 0.0 -kd 0.5 0.5 0.4 -ks 0.7 0.7 0.04 -sp 10 -pl -3 3 3 1 1 1 -an 100 1000

shadow:
-ka 0.0215 0.1745 0.0215 -kd 0.07568 0.61424 0.07568 -ks 0.633 0.727811 0.633 -sp 6 -ka 0.24725 0.1995 0.0745 -kd 0.75164 0.60648 0.22648 -ks 0.628281 0.555802 -0.366065 -sp 4 -ka 0.05 0.05 0.0 -kd 0.5 0.5 0.4 -ks 0.7 0.7 0.04 -sp 10 -pl -3 3 0 1 1 1 -shadow

ambient only:
-ka 0 1 0 -kd 0 0 0 -dl 1 1 1 1 1 1 -sp 1

diffuse DL:
-ka 0 0 0 -kd 0 1 0.5 -ks 0 0 0 -dl -1 -5 -1 1 0 1 -sp 1

spec PL:
-ka 0 0 0 -kd 1 0 1 -ks 0 0 1 -sp 20 -pl 1 1 1 0 0 1

2 lights:
-ka 0 0 0 -kd 0.521 0.72 0.2 -sp 30 -ks 0.214 0.621 0.623 -dl -0.5 0.1234 -0.42 0.235 0.263 0.233 -pl 1.512 1.123 1.132 0.125 0.643 0.6423

ten lights:
-ka 0 0 0 -kd 0.55231 0.232 0.5612 -sp 30 -ks 0.262344 0.623421 0.1233 -dl -0.5 0.1234 -0.42 0.235 0.263 0.5 -pl 1.512 1.123 1.132 0.125 0.643 0.6423 -dl 0.125 0.125 0.125 0.125 0.125 0.125 -dl 0.6423 0.346 0.634 0.124 0.623 0.623 -dl 0.12312 0.512 0.1231 0.1231 0.123 0.5612 -dl 0.125 0.1245 0.321 1 1 1 -pl 1.512 1.3123 1.312 0.123 0.6236 0.623 -pl 1.1236 1.1236 1.6234 0.23460 0.3462 0.2346 -pl 1.2346 1.6342 1.423 0.123 0.632 0.6432 -pl 1.1236 1.6423 1.6423 0.123 0.632 0.6432

black sphere(no light):
-ka 0 0 0 -kd 1 1 1 -ks 1 1 1 -sp 125

pokeball:
-ka .03 .02 .02 -kd 1.0 1.0 1.0 -ks .65 .65 .65 -pl 0.5 -6.0 0.5 .7 .7 .7 -pl -0.5 6.0 -0.5 .7 0.0 0.0 -pl 0.0 0.0 1.04 .5 .5 .5 -sp 20.0